%YAML:1.0
---
R: !!opencv-matrix
   rows: 3
   cols: 3
   dt: d
   data: [ 9.9992844716641327e-01, 1.1913625476929585e-02,
       1.0798496936245275e-03, -1.1919315191921099e-02,
       9.9991424431129894e-01, 5.4253063249518974e-03,
       -1.0151220227172498e-03, -5.4377891977694841e-03,
       9.9998469987091287e-01 ]
T: !!opencv-matrix
   rows: 3
   cols: 1
   dt: d
   data: [ 4.7767104750100046e+01, 3.8675876068931552e+00,
       1.0377280850136900e+01 ]
R1: !!opencv-matrix
   rows: 3
   cols: 3
   dt: d
   data: [ 9.7293635220153296e-01, 8.9323680911361544e-02,
       2.1311061586232616e-01, -9.0033952063820311e-02,
       9.9591819720490737e-01, -6.3899884113156110e-03,
       -2.1281151764071507e-01, -1.2970138957324425e-02,
       9.7700718188500713e-01 ]
R2: !!opencv-matrix
   rows: 3
   cols: 3
   dt: d
   data: [ 9.7416103216247851e-01, 7.8875476226177590e-02,
       2.1163398277740764e-01, -7.8169413699307619e-02,
       9.9687126696209438e-01, -1.1714088410755814e-02,
       -2.1189579084550236e-01, -5.1318958954949152e-03,
       9.7727879208876578e-01 ]
P1: !!opencv-matrix
   rows: 3
   cols: 4
   dt: d
   data: [ -7.0305370777249209e+02, 0., 7.0551123619079590e+01, 0., 0.,
       -7.0305370777249209e+02, 2.9663579082489014e+02, 0., 0., 0., 1.,
       0. ]
P2: !!opencv-matrix
   rows: 3
   cols: 4
   dt: d
   data: [ -7.0305370777249209e+02, 0., 7.0551123619079590e+01,
       -3.4473602407978105e+04, 0., -7.0305370777249209e+02,
       2.9663579082489014e+02, 0., 0., 0., 1., 0. ]
Q: !!opencv-matrix
   rows: 4
   cols: 4
   dt: d
   data: [ 1., 0., 0., -7.0551123619079590e+01, 0., 1., 0.,
       -2.9663579082489014e+02, 0., 0., 0., -7.0305370777249209e+02, 0.,
       0., -2.0393972740423174e-02, 0. ]
