%YAML:1.0
---
R: !!opencv-matrix
   rows: 3
   cols: 3
   dt: d
   data: [ 9.9998728549164939e-01, 2.2019764613628173e-03,
       4.5365355400543957e-03, -2.1933444862790490e-03,
       9.9999577654333283e-01, -1.9068653495682277e-03,
       -4.5407152528078474e-03, 1.8968909194992604e-03,
       9.9998789178161174e-01 ]
T: !!opencv-matrix
   rows: 3
   cols: 1
   dt: d
   data: [ 1.0394043770848877e+02, 2.9216227595337627e+00,
       2.3543383786208283e+00 ]
R1: !!opencv-matrix
   rows: 3
   cols: 3
   dt: d
   data: [ 9.9917195636816925e-01, 3.0333690346504977e-02,
       2.7115841078007626e-02, -3.0307361504425510e-02,
       9.9953967166306801e-01, -1.3815246384136018e-03,
       -2.7145265628567374e-02, 5.5857107768681542e-04,
       9.9963134332227987e-01 ]
R2: !!opencv-matrix
   rows: 3
   cols: 3
   dt: d
   data: [ 9.9934905843686406e-01, 2.8090327674360874e-02,
       2.2636097112803351e-02, -2.8112280667649179e-02,
       9.9960455901628931e-01, 6.5212691489774258e-04,
       -2.2608827413568941e-02, -1.2880547336396896e-03,
       9.9974355803775328e-01 ]
P1: !!opencv-matrix
   rows: 3
   cols: 4
   dt: d
   data: [ 2.8926013945773047e+02, 0., 3.6362134170532227e+02, 0., 0.,
       2.8926013945773047e+02, 2.3709310722351074e+02, 0., 0., 0., 1.,
       0. ]
P2: !!opencv-matrix
   rows: 3
   cols: 4
   dt: d
   data: [ 2.8926013945773047e+02, 0., 3.6362134170532227e+02,
       3.0085409350245041e+04, 0., 2.8926013945773047e+02,
       2.3709310722351074e+02, 0., 0., 0., 1., 0. ]
Q: !!opencv-matrix
   rows: 4
   cols: 4
   dt: d
   data: [ 1., 0., 0., -3.6362134170532227e+02, 0., 1., 0.,
       -2.3709310722351074e+02, 0., 0., 0., 2.8926013945773047e+02, 0.,
       0., -9.6146319995268573e-03, 0. ]
