%YAML:1.0
---
M1: !!opencv-matrix
   rows: 3
   cols: 3
   dt: d
   data: [ 3.7839091020662313e+03, 0., 3.2226642432978355e+02, 0.,
       1.6773299753134017e+03, 2.7821879770616317e+02, 0., 0., 1. ]
D1: !!opencv-matrix
   rows: 1
   cols: 14
   dt: d
   data: [ -4.2876723876994722e+00, -3.1825256244480915e+01, 0., 0., 0.,
       0., 0., -1.5498618960317654e+03, 0., 0., 0., 0., 0., 0. ]
M2: !!opencv-matrix
   rows: 3
   cols: 3
   dt: d
   data: [ 3.7839091020662313e+03, 0., 3.1539778006550318e+02, 0.,
       1.6773299753134017e+03, 3.1374900606841715e+02, 0., 0., 1. ]
D2: !!opencv-matrix
   rows: 1
   cols: 14
   dt: d
   data: [ -5.5019152382469025e+00, -4.5212747050142056e+01, 0., 0., 0.,
       0., 0., -3.6119000521447683e+03, 0., 0., 0., 0., 0., 0. ]
