%YAML:1.0
---
M1: !!opencv-matrix
   rows: 3
   cols: 3
   dt: d
   data: [ 4.8285420143582115e+02, 0., 3.6922611119918446e+02, 0.,
       4.7535814611348405e+02, 2.1760771553631241e+02, 0., 0., 1. ]
D1: !!opencv-matrix
   rows: 1
   cols: 14
   dt: d
   data: [ -3.2856857586096944e-01, 1.5534791854452831e-01, 0., 0., 0.,
       0., 0., 5.8413337673769251e-02, 0., 0., 0., 0., 0., 0. ]
M2: !!opencv-matrix
   rows: 3
   cols: 3
   dt: d
   data: [ 4.8285420143582115e+02, 0., 3.6482220564183274e+02, 0.,
       4.7535814611348405e+02, 2.6705243655629528e+02, 0., 0., 1. ]
D2: !!opencv-matrix
   rows: 1
   cols: 14
   dt: d
   data: [ -3.4896327899673812e-01, 2.0770686493525306e-01, 0., 0., 0.,
       0., 0., 5.5395629258924876e-02, 0., 0., 0., 0., 0., 0. ]
